   5.4779439e-01   8.7479199e-01   7.0106993e-01   7.1693994e-01   7.6529792e-01   1.0473905e-01   2.5797447e-01   3.7466442e-01   3.3682843e-02   4.4802512e-01   2.0952323e+01
   6.9476065e-01   9.7167533e-01   7.8375881e-02   9.4952216e-01   1.5664682e-02   2.9272104e-01   5.9293249e-01   1.5861334e-01   3.0531139e-01   8.9962086e-01   2.1589837e+01
   8.9305347e-01   2.2241547e-01   4.3805727e-01   2.2707965e-01   6.8901217e-01   8.5370012e-01   7.5846176e-01   3.2634931e-01   6.8773966e-01   7.8876355e-01   1.1121913e+01
   4.0253653e-01   3.9041595e-03   5.5599913e-01   6.0668968e-01   4.1178651e-01   4.9071310e-01   4.0258966e-01   1.4134481e-01   4.7561764e-01   5.2945331e-01   9.4660108e+00
   8.9844831e-01   7.6487599e-01   7.4898595e-01   9.9972691e-01   5.8915927e-01   8.5918432e-01   9.4314923e-01   9.2582957e-01   7.1506589e-01   4.2972853e-01   2.3044350e+01
   1.0577453e-01   2.4468749e-01   2.7886784e-01   6.3359955e-01   6.3915399e-01   6.9231166e-01   7.6068304e-01   8.8751200e-01   9.9545388e-01   8.4618434e-01   1.1502964e+01
   1.6067048e-01   1.2011647e-01   9.9226745e-01   8.4988854e-01   8.2597543e-02   9.4483702e-01   4.4769455e-01   6.0230495e-01   2.5123483e-01   8.4272620e-02   1.3735258e+01
   4.3717366e-01   1.2009457e-01   5.1915129e-01   3.5538293e-01   4.5717047e-01   9.2521879e-01   5.9149725e-02   1.7495917e-01   6.5549169e-01   8.1713829e-01   8.8212694e+00
   5.4677097e-01   1.5319263e-02   8.1215132e-01   9.5202308e-01   9.2439724e-01   3.8447071e-01   6.1578167e-01   1.3690109e-01   4.8491548e-01   7.6763709e-01   1.7325611e+01
   6.1051595e-01   5.6698885e-01   9.6163150e-01   1.8795280e-01   1.1618724e-01   2.2205302e-01   1.2413985e-01   8.4637282e-02   5.7644825e-01   4.8103754e-01   1.4681770e+01
   4.8698041e-01   7.7546243e-01   6.0539195e-03   9.6282756e-01   8.4966306e-02   2.6230830e-02   5.5376942e-01   6.1988350e-02   4.6599654e-01   4.8379533e-01   2.4520798e+01
   4.9357860e-01   6.8530309e-01   2.0009315e-01   6.2769987e-01   1.8813426e-01   2.1866072e-01   5.9243595e-01   1.4263606e-01   4.1973553e-02   8.0835774e-01   1.7098044e+01
   4.3247353e-02   9.3574887e-01   4.7427147e-02   1.3084016e-02   6.7622166e-02   1.2617836e-01   2.7846199e-01   1.8269889e-01   7.9468082e-01   7.8294937e-01   6.5857419e+00
   2.0859267e-01   2.1565456e-01   6.5567978e-01   9.2506393e-01   7.9134447e-01   1.4510100e-01   7.9422864e-01   4.2510197e-01   5.9985299e-01   6.0591833e-01   1.4281163e+01
   4.9250667e-01   1.5812289e-01   9.7483990e-01   2.9521837e-01   6.6061350e-02   9.4553865e-01   2.4439678e-01   4.7754317e-02   2.8643963e-01   9.1279788e-01   9.9494452e+00
   3.2626720e-01   9.8077970e-01   5.1558651e-01   4.3939323e-01   8.5075550e-01   2.1083141e-01   5.7203177e-01   8.8062432e-01   3.6410761e-01   7.5138643e-01   1.6493893e+01
   5.4439138e-01   2.9052845e-01   3.0649486e-01   7.5614578e-01   1.0666031e-01   8.1898184e-01   1.2443345e-01   9.8080054e-01   7.6479742e-01   6.1922652e-01   1.3391539e+01
   9.8244434e-01   2.8779515e-01   6.0384914e-01   4.4151388e-01   9.4986765e-01   5.4894566e-01   9.2069978e-01   4.4254298e-01   9.0045199e-01   7.7503256e-01   1.7309446e+01
   4.6414041e-01   4.8223074e-01   9.1914263e-01   3.9061808e-01   6.3239117e-02   5.9367661e-01   3.7814456e-01   3.9776251e-01   7.7962618e-01   5.0517483e-01   1.3680590e+01
   7.2673620e-01   9.1542223e-01   8.1925219e-01   1.1717288e-01   6.6605291e-01   7.1279176e-01   3.3315728e-02   2.0816566e-01   5.8134815e-01   3.1876290e-01   1.5717652e+01
   6.3617267e-01   7.7737122e-01   9.2196526e-01   3.0229930e-01   8.8615178e-01   7.2616944e-01   8.1599046e-01   6.5251344e-01   9.4511453e-01   2.3198953e-01   2.1009929e+01
   4.7634114e-01   6.7917613e-01   9.0207016e-01   6.7368916e-01   2.3795062e-01   5.7214407e-01   3.5905344e-01   8.0962702e-01   3.3068880e-01   5.8621888e-01   2.0898080e+01
   5.1920963e-01   3.8332571e-01   4.4037183e-01   4.8409194e-01   1.4341854e-02   3.9182102e-01   2.9987508e-01   7.1665403e-01   4.1912157e-01   6.0643214e-02   1.0432379e+01
   3.5145016e-01   1.7157722e-01   2.5832789e-01   5.0916012e-01   3.0936157e-01   6.8467209e-01   3.5907926e-01   6.7083350e-01   8.0164574e-01   2.7717224e-01   8.1498858e+00
   8.6426976e-01   2.2210584e-01   8.5412781e-01   9.2573651e-01   2.5625872e-01   7.2831171e-01   4.8465765e-01   4.5656323e-01   9.9921480e-01   2.8552310e-01   1.9023497e+01
   2.2828984e-01   7.5998845e-01   9.6519204e-01   6.3185490e-01   2.0554388e-01   9.9546129e-01   1.1696326e-01   5.8744662e-01   5.0383009e-01   5.7393950e-01   1.5982706e+01
   8.2941393e-01   4.3102622e-02   3.2391046e-01   2.7290577e-01   8.2136326e-01   3.9441225e-01   5.8912792e-01   5.9462237e-01   9.6924122e-01   3.2510878e-01   7.0303833e+00
   9.0800692e-01   5.5718690e-01   7.9544001e-01   8.5714090e-01   5.8117115e-01   7.4107035e-01   6.5949749e-01   7.4993726e-01   4.8359500e-01   4.0837254e-01   2.3154989e+01
   6.5584811e-01   7.8331598e-01   2.4248495e-01   1.4970217e-01   9.5397679e-02   1.2513185e-01   6.9478759e-01   6.3181816e-01   7.7897588e-01   8.8650717e-01   1.1286168e+01
   6.4839838e-01   4.6947931e-01   1.6798088e-01   7.3511300e-02   2.0796537e-01   7.4250097e-01   9.2948794e-01   4.1017879e-01   5.7897089e-02   6.3533113e-01   1.2079348e+01
   6.8169525e-01   3.6720491e-01   7.2715365e-01   5.9836726e-01   4.1852768e-01   9.1315989e-01   2.4703755e-01   5.2879246e-01   3.6974918e-01   3.1280358e-01   1.7080828e+01
   1.6803834e-01   5.7742462e-01   7.8393674e-01   6.9884275e-01   3.1447412e-01   8.2985033e-01   4.9384139e-01   1.2833271e-01   9.0897532e-02   9.5780552e-01   1.4740820e+01
   4.1878518e-01   1.0359339e-01   6.2734042e-01   3.3825146e-02   9.4306800e-01   7.0647356e-01   9.0690449e-01   8.5883277e-01   4.6010842e-01   6.5854871e-01   5.8967254e+00
   9.8333069e-02   2.8222749e-01   6.3457116e-01   2.0643308e-02   9.0725877e-01   8.5123862e-01   9.6479809e-01   3.3386405e-01   4.7743629e-01   5.2354815e-01   7.4691495e+00
   2.8761439e-01   1.2194299e-01   6.5167166e-01   6.9344296e-01   7.1454418e-01   9.4539367e-01   5.8917212e-01   9.4418301e-01   1.2375601e-01   8.3678497e-01   1.2676586e+01
   3.3062326e-01   7.2885114e-01   2.0830461e-01   5.2991871e-01   5.8625865e-01   4.0327508e-01   1.3652675e-01   3.6846058e-02   5.3503159e-01   3.5868229e-01   1.7178536e+01
   7.1893541e-01   9.3372502e-01   5.6757897e-01   9.0194465e-01   1.6804560e-01   6.3391806e-01   9.4662169e-01   5.2180970e-02   5.1683495e-01   7.0553019e-02   1.9591207e+01
   8.3434740e-01   7.5907026e-01   7.5870486e-01   4.5788039e-01   3.6945207e-01   9.7857278e-01   8.0541886e-01   5.3052427e-01   7.1082681e-02   3.5587376e-01   1.8240580e+01
   3.9738754e-01   1.3738746e-01   5.9519346e-01   8.7740237e-01   9.3360751e-01   6.6530915e-01   7.5098276e-02   8.6595339e-01   6.8734689e-01   9.3397135e-01   1.5753866e+01
   4.1498484e-01   4.3946807e-01   3.1197999e-01   2.0684352e-01   9.5106166e-01   5.3834422e-01   6.2801504e-01   5.0132272e-01   9.1422093e-01   7.6678911e-01   1.4272570e+01
   1.0777376e-01   3.2322632e-01   4.1566558e-01   1.4894230e-01   8.0542397e-01   4.8763735e-01   7.6662421e-01   9.4916307e-01   5.8902404e-01   8.4980015e-01   5.9694664e+00
   6.8518717e-01   3.6866482e-01   9.7582677e-01   9.1601250e-01   8.1491264e-01   5.8571591e-01   7.5673948e-01   9.7064594e-02   1.1688890e-01   4.7292118e-01   2.4999148e+01
   6.7724224e-03   8.2463541e-01   8.5327263e-02   4.1842216e-02   1.6521499e-01   9.9100702e-01   6.6157401e-01   4.5197266e-02   2.5833007e-01   2.3669617e-01   4.1397913e+00
   8.5549872e-01   5.6885767e-01   4.5804048e-01   4.2054975e-01   4.0012337e-01   5.3864149e-01   5.2266615e-01   8.0368707e-02   8.2143547e-02   8.2584601e-01   1.5466301e+01
   6.2498971e-01   1.3302968e-01   5.7716611e-01   9.3415792e-01   6.2911364e-01   8.4507012e-01   6.6956098e-02   1.4743313e-01   5.1990738e-01   6.8322783e-01   1.4634905e+01
   1.0165273e-01   9.9430503e-01   4.2854854e-01   7.3186109e-01   4.3806963e-02   9.8719627e-01   4.6832358e-01   9.6714049e-01   7.0333579e-01   3.2568867e-01   1.1857689e+01
   4.0339349e-01   1.0424625e-01   6.7052496e-01   1.7688147e-01   4.8154980e-01   4.2372890e-01   3.6314485e-01   1.5740851e-01   6.9066579e-01   4.7000915e-01   5.7838274e+00
   9.1116701e-01   6.8716528e-01   7.5400218e-02   4.9208628e-01   6.3408642e-01   3.9972365e-01   7.6504900e-01   9.7466829e-01   1.4891960e-01   3.7027083e-01   2.1792474e+01
   3.0738953e-01   7.3395412e-01   9.1986532e-01   4.8049390e-01   6.5519300e-01   9.2438969e-01   9.1828261e-02   9.1728286e-01   4.2314294e-01   5.4147145e-02   1.7100735e+01
   1.3643767e-01   9.1417532e-01   2.0000756e-01   1.0513413e-01   3.4134966e-01   8.5398701e-01   5.1016897e-01   9.6551968e-01   6.5790218e-01   7.5754699e-02   8.0351941e+00
   5.6723133e-01   5.9595489e-01   8.9458227e-01   3.3726642e-01   4.6420522e-01   4.6922104e-01   2.2780338e-01   6.6432826e-01   7.3320285e-01   8.5268446e-01   1.8582658e+01
   8.1123866e-01   8.9137178e-01   8.3057706e-01   9.8773423e-01   4.1872928e-01   9.7078571e-01   9.4369259e-01   9.8635122e-02   5.5623368e-01   4.9116598e-01   2.0103599e+01
   4.0134411e-01   9.9091404e-01   8.8322427e-01   3.8361121e-01   4.2504244e-01   4.6347760e-01   7.2512008e-01   8.9362611e-01   6.9516605e-01   6.5232639e-01   1.6886366e+01
   8.2013994e-01   6.2372339e-01   6.3139069e-02   7.2145542e-01   1.8977755e-01   2.5668452e-01   1.8231700e-01   2.5624796e-03   6.8671191e-01   9.6391216e-01   2.3296796e+01
   8.2688574e-01   9.8902252e-01   6.0365088e-01   6.0800491e-01   4.2628210e-01   5.5298234e-01   1.5149367e-01   4.1846945e-01   3.4301997e-01   5.4811640e-01   1.4527681e+01
   3.7892442e-01   9.5684520e-01   5.2885022e-02   9.6316473e-01   3.6891721e-01   5.0509172e-01   7.7255974e-01   3.8776550e-01   9.2446121e-01   4.8956797e-01   2.5437428e+01
   9.9242290e-01   5.8368975e-01   1.1367807e-02   7.2386272e-01   7.0198937e-01   9.9388181e-01   5.9676973e-01   7.3961022e-01   3.1534045e-01   5.6861435e-01   2.5322377e+01
   5.1724145e-01   6.3495970e-01   8.8163304e-01   9.4505763e-02   7.2003969e-01   1.8544010e-01   6.3976670e-01   4.4926530e-01   5.1751514e-01   3.7107631e-01   1.7554048e+01
   9.0514286e-01   4.8967336e-01   5.4337584e-01   6.3840908e-01   4.5382131e-01   3.9369672e-01   8.6315759e-01   1.6503249e-01   4.6090851e-01   2.0909836e-01   1.9111164e+01
   9.7544153e-01   5.5783192e-01   8.2563402e-01   4.1650311e-01   6.8802272e-01   1.5846090e-01   7.3059822e-01   6.6485003e-01   5.1980187e-01   5.2944555e-01   1.9720108e+01
   4.5377262e-01   5.6176274e-01   7.1392078e-01   2.2719437e-01   8.4007923e-01   6.4293777e-01   5.9657319e-01   6.1340559e-01   6.2706636e-01   5.9433493e-01   1.4441847e+01
   6.2122920e-01   9.6846538e-01   4.0136576e-02   1.1913489e-01   5.5498128e-01   4.4066275e-01   9.8494672e-03   8.1843920e-01   3.2697629e-01   9.9464439e-01   1.7172630e+01
   5.7277355e-01   8.7081749e-01   1.9047372e-01   9.4105738e-01   3.7485394e-02   1.6020027e-01   1.2153516e-02   9.5581370e-01   4.5403751e-01   2.2919463e-01   2.0959329e+01
   5.0169684e-01   1.9659634e-01   6.5088467e-01   4.7985507e-01   4.5484051e-01   1.9219870e-01   8.0508588e-01   7.9096881e-01   3.8539242e-01   6.6084817e-01   8.9485235e+00
   3.4948795e-01   7.9580151e-01   2.8627739e-01   1.8857328e-01   7.3995737e-01   5.3647724e-01   7.1974437e-01   1.5691761e-01   6.2210903e-01   8.8035703e-01   1.4928493e+01
   6.7679154e-01   4.4310242e-01   6.5801070e-01   8.9977134e-01   2.2671461e-01   7.5160860e-01   5.0824387e-01   3.1156837e-01   2.4731356e-02   7.3786533e-01   2.0623229e+01
   8.3831139e-01   4.5823616e-01   4.4089407e-01   1.8467946e-01   1.2392451e-01   9.1555033e-01   2.7816083e-02   9.7865924e-02   7.3059658e-01   6.0112491e-01   1.1800774e+01
   3.1721575e-01   3.0394111e-01   3.0868105e-01   5.3613336e-01   5.2425799e-01   9.2895231e-01   1.2710449e-01   1.2422767e-01   5.7692143e-01   1.9524850e-01   1.0933141e+01
   2.3038840e-01   4.8540333e-01   1.8438294e-02   5.3536671e-01   1.3185065e-02   3.6353721e-01   2.8863915e-01   4.3743512e-02   6.7497504e-01   6.3073769e-01   1.4855807e+01
   8.9600913e-01   6.5310098e-02   6.6814497e-01   2.2456099e-01   4.1895497e-01   9.9070044e-01   9.0675227e-01   4.5333033e-01   3.6672911e-01   2.1321942e-01   7.1754800e+00
   5.2460462e-01   2.0284736e-01   3.9260263e-01   3.9696520e-01   7.3644485e-01   3.7157190e-01   3.6434791e-01   2.1214129e-01   3.7356419e-01   6.4193044e-01   1.2243215e+01
   4.9593384e-01   5.4427475e-02   8.2348748e-02   5.0729369e-01   2.0313629e-01   4.0031551e-01   8.0290653e-01   6.7006792e-01   5.3151892e-01   5.6766359e-01   1.1199812e+01
   1.3116564e-01   3.4010215e-02   9.0152794e-01   8.7196205e-01   9.3954232e-01   3.9617784e-01   5.6340480e-01   7.9138365e-01   3.0514367e-01   3.7454875e-01   1.6385487e+01
   2.1325731e-01   1.0832780e-01   1.9085625e-01   4.5097762e-01   2.2666603e-02   2.5531655e-01   7.5859550e-01   1.1242167e-02   3.7270817e-01   9.2583522e-01   6.4401028e+00
   5.1998348e-01   8.5138281e-01   1.1601282e-02   2.9011641e-01   2.4698067e-01   7.0835928e-01   6.0662044e-01   9.9947631e-01   3.2903160e-02   9.4716011e-02   1.8150620e+01
   5.0930459e-01   6.6026542e-01   6.1497635e-01   4.1153089e-01   5.3249087e-01   8.8621294e-01   4.5492599e-01   4.4766734e-01   6.2736617e-02   6.3572739e-01   1.5017140e+01
   2.7001909e-01   1.5233012e-01   9.7338180e-01   5.2348124e-02   4.8024400e-01   8.3266516e-01   9.5667436e-01   7.2410321e-01   6.9697152e-01   4.2406198e-01   8.5779673e+00
   2.0030129e-01   5.8325918e-01   3.2017485e-01   8.9000572e-01   1.7008726e-01   3.9545165e-01   6.1142579e-01   6.3886868e-02   3.2898423e-01   4.5073063e-01   1.2579252e+01
   6.5578755e-01   2.3400142e-01   3.3061739e-01   7.9760803e-01   2.4121659e-02   8.1654030e-01   6.0323512e-01   1.0792222e-02   6.3935027e-01   8.7813836e-01   1.4233711e+01
   7.2872577e-01   5.9313460e-01   4.9717059e-01   3.0435518e-01   4.2160881e-01   4.2734872e-01   2.2406140e-01   9.4637891e-01   8.1667410e-01   3.8293514e-02   1.4837084e+01
   8.6349612e-01   7.1876542e-01   3.8184972e-01   8.0479709e-01   1.2842849e-01   8.5035011e-01   1.2589096e-02   3.6831273e-01   9.4586818e-01   1.8532544e-01   1.8462417e+01
   7.7754175e-01   1.0861790e-01   8.1847190e-02   9.0908121e-01   5.1919731e-01   6.3213760e-01   4.7004036e-02   4.6581412e-01   2.2773032e-01   3.5206950e-01   1.7998821e+01
   6.2959020e-01   1.5923886e-01   9.4290698e-01   8.8494885e-02   7.9707648e-01   7.9607578e-01   4.6552880e-02   8.6617248e-01   9.9806533e-01   9.5655661e-01   1.1422460e+01
   3.4018570e-01   6.2365090e-01   3.0458505e-01   3.3439115e-01   9.0421065e-01   7.9709116e-01   8.0272536e-01   8.2086660e-01   2.6072581e-01   3.3699993e-01   1.5545221e+01
   5.9637595e-01   2.2402704e-01   5.6048973e-01   2.8839804e-01   1.4606637e-01   2.5894690e-02   7.0221432e-01   4.1027449e-01   4.3175998e-01   2.0423071e-02   8.0559957e+00
   8.2580468e-01   6.1448050e-01   2.6530709e-01   6.0217957e-01   8.8134921e-01   3.8021086e-01   8.1097089e-01   7.9219955e-01   4.5210206e-02   9.0271715e-01   2.1276509e+01
   7.0236282e-01   6.4890890e-01   5.6213000e-01   1.3295313e-01   5.6922625e-01   8.1202321e-01   5.6700720e-01   8.8968436e-01   3.2581171e-01   6.6305233e-01   1.2761800e+01
   1.6157207e-01   2.8440717e-01   6.9987371e-01   6.8881988e-01   2.5761602e-01   4.5542771e-01   1.0560576e-01   3.8931373e-01   4.5526780e-01   7.1536183e-01   9.9534649e+00
   1.7948071e-01   3.5831243e-01   7.5136917e-01   6.7219515e-01   4.1304307e-02   4.1229297e-01   1.9180617e-01   9.2398540e-01   3.6035809e-02   3.9213172e-01   8.6783504e+00
   4.6333648e-01   6.8966313e-01   6.5723533e-01   7.3044803e-01   7.8734881e-03   5.8365275e-01   2.4438715e-01   5.8450120e-01   4.0218658e-01   3.1180913e-01   1.6727776e+01
   2.6435789e-01   6.2887470e-02   4.2007339e-01   3.8044293e-01   6.2873789e-01   6.0016859e-01   3.8327018e-01   5.0952724e-01   4.6959993e-01   3.9485318e-01   8.4939049e+00
   5.0734441e-02   1.0039909e-01   6.5796035e-01   3.5841083e-01   4.8583829e-02   8.4682394e-01   7.3717845e-01   8.0063949e-01   1.7998053e-01   1.2654721e-01   2.5843557e+00
   2.1736432e-01   7.2054877e-01   3.0545159e-01   4.0995421e-01   7.3121701e-01   7.7167103e-02   7.7976249e-01   8.6265900e-02   9.6530996e-01   1.1555314e-01   1.1974264e+01
   6.0300242e-01   3.7507815e-01   3.1213575e-01   5.8560279e-01   9.2140979e-01   2.8443908e-01   6.8636219e-01   4.0373975e-01   3.7110708e-01   4.4969096e-01   1.8228268e+01
   8.8291859e-01   4.3917159e-01   3.9711933e-01   4.3054902e-01   9.9659599e-01   3.9758460e-01   9.2830607e-01   3.7527478e-01   9.9873165e-01   1.2293196e-01   1.6528585e+01
   7.8723430e-01   9.4749362e-01   3.6447456e-01   8.5376361e-01   1.7477272e-01   8.7589311e-01   7.0730728e-02   6.5415361e-01   1.1585750e-01   8.5632348e-01   1.7388408e+01
   9.4945924e-01   2.9360716e-01   9.5383135e-02   5.4899632e-01   2.8159878e-01   5.5993832e-01   2.3103406e-01   8.4110321e-01   1.1045515e-01   2.3713499e-03   1.8700082e+01
   9.8014730e-01   3.1643609e-01   5.9865414e-01   8.1219034e-01   6.8305992e-02   2.6026862e-01   3.5619974e-01   7.8469623e-01   1.5685166e-01   6.1481758e-01   1.5734881e+01
   7.5712770e-01   2.1502534e-01   5.4598989e-02   8.0673558e-01   8.7513742e-01   9.6450603e-01   1.1944667e-01   6.0240447e-01   8.8666520e-01   7.6203877e-01   2.0815386e+01
   3.2502847e-01   7.1076274e-01   5.5102931e-01   6.4127350e-02   2.0035274e-01   5.3567683e-01   5.0510061e-02   1.5319791e-01   1.4381447e-01   1.5320279e-01   7.1485914e+00
   8.5459437e-01   6.5754522e-01   6.8112967e-01   6.2248988e-01   6.7760032e-01   9.3657549e-01   3.6890297e-01   7.9433552e-01   9.6305419e-01   2.0188686e-01   2.1360223e+01
   3.3637231e-01   6.7079335e-01   2.9153330e-03   4.4974903e-01   1.6258442e-01   2.7712973e-01   4.1945183e-01   5.2137783e-01   6.7692100e-01   3.9863241e-01   1.6857573e+01
   6.1821111e-01   4.3384755e-01   6.7723780e-01   4.4316453e-01   1.3696100e-01   7.0355535e-01   5.4586633e-01   2.2424768e-01   9.6661132e-01   9.0725089e-01   1.4621571e+01
   7.0173126e-01   1.2730987e-01   2.0342604e-01   4.7573599e-01   6.6739782e-01   2.4433771e-01   6.1978415e-01   2.5944573e-01   3.7045036e-01   9.5974037e-02   1.2578961e+01
   4.9173759e-01   4.4155682e-01   7.8975072e-01   2.3694871e-01   9.6508009e-01   8.7910054e-02   9.8157686e-01   7.1665927e-01   4.7456966e-01   5.7090810e-01   1.4270318e+01
   9.0165200e-01   4.3419336e-01   5.6029054e-01   1.5398674e-01   4.9914760e-01   7.8843518e-01   6.0453042e-01   7.8774461e-01   1.2083029e-01   5.7861346e-01   1.2716757e+01
   8.8430848e-01   3.3419830e-01   5.8959410e-01   3.5515056e-01   3.5606741e-01   5.3996030e-01   4.9246478e-01   3.5202759e-01   3.9366218e-01   4.2817174e-01   1.2486941e+01
   9.0737623e-01   4.3090663e-01   6.2816654e-01   9.7660249e-01   5.2560462e-01   9.0724233e-01   8.1856354e-01   7.1931169e-01   9.1978067e-01   1.8462907e-01   2.2729494e+01
   7.0042480e-01   4.9851272e-01   9.3505419e-02   7.4377675e-01   4.2806342e-01   8.4773828e-01   5.8583967e-01   9.4383200e-02   8.6185154e-01   9.5277616e-02   2.0638921e+01
   8.8108520e-02   2.2165961e-01   4.6439267e-01   7.2702085e-01   9.4189316e-01   2.1539940e-01   6.3303744e-01   1.0409198e-01   6.3708692e-01   8.8062712e-01   1.2598715e+01
   3.5132229e-01   4.2903479e-01   1.2134235e-01   8.2280861e-01   4.4954759e-01   5.4790622e-01   7.5149070e-01   8.8074052e-01   6.7836716e-01   4.4261247e-01   1.9400205e+01
   2.1983345e-01   8.7275306e-01   2.8676542e-01   2.8484633e-01   2.4051173e-01   5.2632480e-01   1.0426978e-01   8.5057277e-01   1.7349832e-02   6.9934061e-02   1.1104983e+01
   7.6651802e-01   7.9121415e-01   6.5958646e-01   4.2085360e-01   6.8743285e-01   6.0812082e-01   5.7826198e-02   6.2104563e-01   2.1769464e-01   3.0256447e-01   1.7608870e+01
   4.7210462e-01   4.9167622e-01   5.9016323e-01   7.0784806e-01   7.1547276e-02   4.9905353e-01   1.0864053e-01   6.5288352e-01   3.3820353e-01   7.9498585e-01   1.3392029e+01
   2.5998119e-01   4.1072865e-01   3.7710317e-02   9.6715814e-02   4.2497480e-01   1.1487070e-01   6.2576705e-02   9.2931564e-01   4.1302450e-01   9.6595128e-02   8.7078396e+00
   6.6239588e-01   2.5320052e-01   7.0387161e-01   9.0095926e-01   4.6772699e-01   6.4770076e-01   5.1559676e-01   9.6170737e-01   7.5977481e-01   2.3960494e-01   1.8637301e+01
   1.7322484e-01   1.6628434e-01   3.5129267e-01   4.3920738e-01   1.0860685e-01   1.5539079e-01   5.8153940e-01   3.1710741e-01   9.3939847e-01   2.8253948e-01   5.2449097e+00
   3.8304279e-01   6.9761373e-01   5.5734897e-01   8.7396767e-01   6.5972753e-01   7.5298527e-02   3.3244457e-01   7.5726894e-02   4.2170528e-01   9.0278586e-01   1.9925110e+01
   4.9971119e-02   6.8569460e-01   9.2854183e-01   4.4652775e-01   5.2764104e-01   8.8341677e-01   3.5449435e-01   1.2583432e-01   4.8781682e-02   7.9977651e-01   1.2425670e+01
   7.0007828e-01   3.3627112e-01   9.8530021e-01   2.9540295e-01   9.2700986e-01   3.4768802e-01   1.1423027e-01   5.1249899e-01   2.8413595e-01   4.0343667e-01   1.7184195e+01
   2.3934548e-01   5.8531364e-01   5.4972846e-01   5.4477389e-01   9.5643895e-01   1.0603178e-01   1.5621626e-01   4.1912242e-01   4.3720002e-01   2.7725437e-01   1.3287886e+01
   9.1679844e-01   3.3263733e-01   2.7271256e-01   2.8026175e-01   4.4091223e-01   5.4102088e-01   5.2662723e-01   8.6191390e-01   7.9342214e-01   9.7434628e-03   1.3965447e+01
   6.3865275e-01   9.8873722e-02   3.6025353e-01   6.5697194e-01   5.9640699e-02   4.5463565e-02   9.2045497e-01   6.1364471e-01   1.8179872e-01   8.3664208e-01   9.9265524e+00
   4.3367628e-01   9.0344240e-01   6.8808696e-01   3.0112588e-01   5.5915269e-01   3.6696871e-02   6.8514173e-01   3.2752045e-01   3.6991919e-01   9.1725294e-01   1.5944805e+01
   8.8341936e-01   4.3545029e-01   6.6832001e-01   6.6277256e-01   9.1869002e-01   7.8445426e-01   1.4017285e-01   1.1762446e-02   8.3383628e-02   3.7588637e-01   2.0597127e+01
   2.1570356e-01   1.9055830e-01   9.2292001e-02   4.2316280e-02   8.1874702e-01   9.6552393e-01   5.2884925e-01   6.0847315e-02   5.1581654e-01   3.6489440e-01   9.0069343e+00
   2.5025956e-01   4.9888795e-01   9.8510873e-01   3.7662516e-01   5.6430437e-01   1.5929541e-02   6.5950812e-01   2.1786531e-01   8.7940033e-01   2.0821653e-01   1.5401132e+01
   9.7931149e-01   2.3216844e-01   1.6587891e-01   6.3022293e-01   5.1916455e-01   2.9021747e-01   6.5764586e-01   5.3178146e-01   4.4446034e-01   4.6204425e-01   1.8330176e+01
   7.5872249e-01   7.7539270e-01   1.1900956e-01   5.4617162e-01   4.9448286e-01   5.8082082e-01   7.6379779e-01   6.0517294e-01   2.4992376e-01   9.3881247e-01   2.0723179e+01
   3.7205836e-02   9.5572116e-01   4.2784957e-01   4.8800989e-02   6.5223883e-01   7.1810338e-01   5.2264155e-01   1.3049485e-01   1.7802437e-01   6.4790909e-01   5.8346454e+00
   3.0505648e-01   9.2824204e-01   6.6447588e-01   2.8388349e-01   1.5434251e-01   6.5431651e-01   4.9635275e-01   4.7587694e-01   7.3392707e-01   3.9799812e-01   1.0569786e+01
   5.0869231e-01   2.9639906e-01   9.0367665e-01   9.6490107e-01   1.2119499e-02   5.2707130e-01   9.4037399e-01   4.9396060e-01   4.0228666e-02   8.8317625e-01   1.7076744e+01
   4.8503330e-01   1.1244495e-01   6.5703253e-01   2.2125284e-01   5.6567017e-01   7.8057855e-01   3.1796983e-01   9.7989941e-01   4.5790880e-01   9.4277493e-01   7.7264748e+00
   3.0814097e-01   1.0210042e-01   5.9250871e-01   4.2852237e-01   3.9265321e-01   7.0968323e-02   3.0013580e-01   1.6157019e-01   2.1764433e-01   4.6408781e-01   8.4367540e+00
   1.0173443e-01   9.2079692e-01   3.9310774e-01   7.0016751e-01   7.5985120e-02   6.0418448e-01   4.6701226e-01   4.5991451e-01   1.4457971e-01   7.9789470e-01   9.3718609e+00
   9.9617337e-01   5.1374422e-01   4.6754300e-01   7.3235292e-02   7.6376619e-01   9.6744506e-01   5.5063867e-01   7.2036808e-01   8.8377290e-01   7.3421782e-01   1.5509367e+01
   6.3048807e-01   2.3601822e-01   7.7410266e-01   6.0904258e-01   5.0558738e-01   3.6129556e-01   9.6942979e-01   4.9144274e-01   2.1270773e-01   6.7969333e-01   1.6519608e+01
   9.2936264e-01   6.6817284e-01   4.0593785e-02   1.4416668e-01   7.6151445e-01   5.9642976e-01   3.9312320e-01   2.9767923e-02   5.0461838e-01   8.6302508e-01   1.9709105e+01
   8.3022695e-01   2.8079194e-01   5.0654453e-01   2.6465515e-01   4.8265543e-01   6.7803466e-01   3.0758356e-01   6.8037692e-01   5.1766481e-01   4.6766480e-01   9.9869219e+00
   7.8845483e-01   4.5447158e-01   8.6369619e-01   5.0783276e-01   8.8946139e-01   3.3503587e-01   1.6032686e-01   1.1843642e-01   1.0142694e-01   8.6050952e-01   2.2151266e+01
   8.0015890e-01   9.5749694e-01   5.6939359e-01   2.8465175e-01   2.8493098e-01   6.1068292e-01   8.1948660e-01   2.3044919e-01   1.8066077e-01   1.2281311e-01   1.1183403e+01
   6.4798308e-01   4.8213531e-01   4.0360487e-01   8.9529671e-01   8.3932019e-01   8.1238486e-01   4.1359548e-02   6.2774598e-02   9.5875891e-01   4.7964927e-01   1.9766930e+01
   9.0399676e-01   6.4365421e-01   9.7315210e-01   8.9061840e-02   3.2545215e-01   7.8408550e-01   3.4832486e-01   8.2907339e-01   8.0962147e-01   4.9594256e-01   1.6356915e+01
   6.4725675e-01   7.4524351e-01   6.2808199e-01   2.9631495e-01   7.6336539e-02   3.2049023e-01   9.5201782e-01   7.2872698e-01   3.3894910e-01   6.3317987e-01   1.2523760e+01
   4.2263755e-01   7.9389832e-01   8.6736558e-02   5.7279741e-02   8.5749803e-01   3.8377307e-02   1.3540858e-01   5.5417521e-01   4.9499529e-01   9.2312140e-01   1.5390392e+01
   7.6422243e-02   4.2552476e-01   9.9053753e-01   1.1445762e-01   7.8810773e-01   5.8565409e-01   1.9195831e-01   9.4237056e-01   1.5384489e-01   8.9783065e-02   1.1379845e+01
   2.2766889e-01   2.0962945e-01   1.8362167e-01   2.5180974e-01   6.8126854e-01   3.0328817e-01   2.2047940e-02   9.5489234e-01   4.8825349e-01   6.8567076e-01   9.0364024e+00
   7.9457040e-01   9.4155376e-01   2.0392164e-01   7.7525325e-01   6.5434076e-01   3.9460352e-01   7.6433119e-02   4.1699447e-01   1.1642561e-01   7.1661903e-01   2.0200476e+01
   7.7858723e-01   6.1882271e-02   9.6878841e-01   2.8229264e-01   2.3747177e-01   9.2916524e-01   9.7478728e-01   2.3525619e-02   1.5414478e-01   9.4070352e-01   9.8219031e+00
   8.7034473e-01   5.8030441e-01   1.2833970e-01   3.3915517e-01   1.8198101e-01   4.2818639e-01   7.8134098e-01   5.8367410e-01   7.2801170e-02   8.0394584e-01   1.5765200e+01
   7.0375098e-01   8.8528244e-01   7.8026388e-02   9.5099635e-01   3.2663975e-02   5.3771443e-01   8.0401840e-01   3.1179343e-01   6.3551526e-01   6.0003364e-02   2.2388782e+01
   5.6141038e-02   3.0957848e-01   6.9253175e-01   1.8725929e-01   9.9382571e-02   6.1713740e-01   9.5930466e-01   1.2426636e-01   4.6310557e-01   4.5339488e-01   2.2478521e+00
   5.5975482e-01   7.9716590e-01   1.4516709e-01   2.6478932e-01   6.0204246e-01   2.6763941e-01   1.8577368e-02   9.5848809e-02   7.3015791e-01   6.5212965e-01   1.7555765e+01
   5.8953719e-01   6.4675948e-01   7.7590717e-01   5.3535701e-01   9.2448153e-01   5.4635826e-01   4.1429272e-01   4.5978317e-01   6.0120794e-01   2.5538218e-01   2.1390397e+01
   7.8620875e-01   7.3202667e-01   2.7710483e-01   7.8957091e-01   3.1861427e-01   4.3951787e-02   7.6234704e-01   8.5380290e-01   7.7193294e-01   7.8689362e-01   2.0122061e+01
   2.7383066e-01   9.6639403e-01   9.0872729e-01   1.7272379e-01   6.5475555e-01   8.0508390e-01   8.9324312e-01   2.4308678e-01   1.5073744e-01   8.7745282e-01   1.5681364e+01
   8.2510355e-01   4.5114497e-01   9.0493211e-02   3.2263220e-01   8.1070845e-02   7.6038820e-01   8.3192846e-01   1.7107497e-01   6.7439644e-01   8.0809603e-01   1.5873737e+01
   6.8283713e-02   9.6980581e-01   7.8741935e-01   2.2823447e-03   7.8851141e-01   8.8112011e-02   3.4536427e-01   4.9753944e-01   9.9009889e-01   7.0278499e-01   9.6869380e+00
   9.1378799e-01   6.0145619e-01   4.2500739e-01   5.7462300e-01   6.9845644e-01   4.0139069e-01   6.9217633e-01   5.6114357e-01   7.1316908e-01   4.5314431e-01   2.0052673e+01
   1.8228799e-01   1.8475408e-01   6.9538252e-02   9.7703043e-02   6.3377001e-01   2.4674763e-02   7.4485604e-01   8.5546168e-02   1.6423783e-01   7.0715240e-01   1.0882038e+01
   5.5650210e-01   7.3315588e-01   6.9756996e-01   7.3424820e-01   6.4386904e-01   5.2748193e-01   5.2092941e-01   1.0790816e-01   6.3853984e-01   9.6462092e-01   2.2151954e+01
   8.9182900e-01   6.1283493e-01   6.7355488e-01   3.7549822e-01   6.7693334e-01   5.8456188e-01   3.5603797e-01   3.8619746e-01   4.7518642e-01   6.5955509e-01   1.7367150e+01
   5.1671181e-01   9.5018935e-01   6.9870014e-01   6.6556483e-01   7.8244841e-02   2.8723594e-01   6.3431646e-01   6.7138866e-02   8.6187825e-01   8.4576518e-01   1.8193427e+01
   6.5606885e-03   1.1184168e-01   9.9323462e-01   6.9069170e-01   8.3947545e-01   6.7803102e-01   6.9264105e-02   6.4244982e-01   3.5672093e-01   7.3776383e-01   1.6560042e+01
   8.4065331e-01   5.6098803e-01   7.4080703e-01   3.5190400e-01   8.9018948e-01   5.8460187e-01   1.1558358e-01   9.2080317e-02   5.1364732e-01   6.4073907e-01   1.8456939e+01
   4.4881343e-01   7.7515611e-01   2.4459895e-01   9.6245773e-01   1.2751392e-01   2.0151185e-01   9.2847932e-02   5.6949049e-01   2.1276926e-01   6.7946911e-01   2.1330639e+01
   5.0577669e-01   1.0184848e-01   6.5828667e-01   6.6467888e-01   4.6292070e-01   7.0708820e-01   4.1764491e-02   4.2488809e-01   3.7175854e-01   1.9571706e-01   1.0797080e+01
   6.7080533e-01   2.3294958e-02   9.5573987e-01   8.6636253e-01   9.7495978e-01   3.6518896e-01   8.6817406e-01   9.4751660e-01   1.1617332e-01   5.8526329e-02   1.7956466e+01
   6.7201857e-01   4.8456969e-01   8.8829028e-01   2.7781824e-01   2.2817357e-01   1.5461657e-01   3.0138067e-01   3.4885519e-01   8.3860076e-01   5.8342665e-01   1.6502956e+01
   7.8431842e-01   6.7692695e-01   4.1964900e-02   1.0629102e-01   3.9313807e-01   9.4066698e-01   2.7334043e-01   6.5723509e-01   3.2250776e-01   3.1411448e-02   1.5544334e+01
   7.5412274e-01   9.1643880e-01   9.0077863e-01   7.0812221e-01   8.1115741e-01   2.6536243e-02   7.8100839e-01   9.7571078e-01   7.5500531e-01   1.0408676e-01   2.2955936e+01
   3.5770026e-01   1.5656045e-01   4.5555093e-01   3.0246815e-01   8.7912532e-01   3.2880055e-02   1.1107924e-02   8.8391622e-01   8.5449061e-01   8.5651142e-01   1.0589552e+01
   2.7010648e-01   1.4598670e-01   6.4357302e-01   5.7962088e-01   9.2998687e-01   1.6623107e-01   9.9931406e-01   8.8198953e-01   2.5715262e-01   4.0460181e-01   1.2731941e+01
   7.4080939e-02   8.8735468e-01   6.0502764e-01   2.3221970e-01   5.5239028e-01   1.8314433e-01   1.2120175e-01   6.3505125e-02   3.0879134e-01   2.3124078e-01   7.5749310e+00
   1.9653526e-01   6.8802619e-01   1.1031940e-01   1.3338923e-01   7.2505731e-01   7.1000428e-01   7.1110950e-01   3.5746829e-01   3.6961127e-01   4.7922354e-01   1.2128405e+01
   5.3035298e-02   3.6611931e-01   5.9256596e-01   7.5832473e-01   4.6394802e-01   6.5582540e-01   3.9242888e-01   1.8980070e-01   2.0711018e-01   3.3690609e-01   1.0980693e+01
   3.4862661e-01   8.8476067e-03   3.9049861e-01   9.3317059e-01   3.1200856e-01   6.9459454e-01   7.1352749e-01   3.6475851e-01   7.0877572e-01   2.6842110e-01   9.9854467e+00
   2.9562411e-01   2.9829740e-01   6.5603679e-01   2.4427963e-02   8.0099726e-01   7.4559953e-01   4.4131298e-01   7.6475066e-01   5.7720940e-01   6.5459104e-01   7.0041779e+00
   7.8429681e-01   3.5348266e-01   3.2290772e-01   5.9257076e-01   6.7531256e-01   8.1282158e-01   5.7709938e-01   8.5949918e-01   6.3105755e-01   2.2983216e-01   1.7802181e+01
   6.2392161e-01   3.3975011e-01   7.4825915e-01   8.9962303e-01   9.1742319e-02   7.6128000e-01   7.8041293e-01   5.0550296e-01   2.0952295e-01   5.8253714e-01   1.6722358e+01
   6.1751656e-01   2.1178479e-01   1.8260916e-01   4.5886886e-01   7.0804874e-01   3.4659085e-01   2.9383863e-01   2.6570292e-01   3.4982760e-01   3.2186811e-01   1.4704690e+01
   2.1461179e-01   9.3370271e-01   2.4583674e-01   3.5989046e-01   8.9926708e-01   2.3673535e-01   2.5462580e-01   9.4600489e-01   9.9634208e-02   9.7159130e-01   1.5720984e+01
   5.0587420e-01   7.3500437e-01   3.2609954e-01   5.1615756e-01   3.8041610e-01   7.8970512e-01   7.9199789e-01   5.7958561e-01   8.5258825e-01   5.7511783e-01   1.5117735e+01
   3.8970336e-01   3.4778249e-01   8.6960899e-01   2.4219878e-01   4.1780082e-01   7.6951970e-01   8.2516244e-03   7.7987448e-01   8.9778269e-02   8.6009499e-01   1.1782470e+01
   7.9644900e-01   8.8413230e-01   6.9658459e-01   4.6258139e-01   7.6244419e-02   1.5915857e-01   9.7042599e-03   1.8091330e-01   1.2480652e-01   1.8144853e-01   1.2565798e+01
   9.1458244e-01   5.8425746e-01   6.4685621e-01   4.9345277e-01   9.1124704e-01   5.8511945e-01   5.3176578e-01   7.6645492e-02   1.7169461e-01   9.9117993e-01   1.9786473e+01
   1.7262095e-01   3.9953211e-01   9.7726655e-01   6.2037206e-01   6.3678663e-01   3.5050419e-01   7.2615974e-01   7.8240178e-01   1.1981912e-01   7.3243959e-01   1.6305596e+01
   5.7833250e-01   1.4075861e-01   7.8822906e-02   7.6029315e-01   2.0244436e-01   5.0397307e-01   7.4349231e-01   2.9753737e-01   4.2529020e-01   3.8509953e-01   1.6651302e+01
   3.5358187e-01   8.7899806e-01   8.2183775e-01   2.4593783e-01   2.6280917e-01   9.1697007e-01   4.3119255e-01   8.2473842e-01   2.8964181e-01   2.7964209e-01   1.4882121e+01
   3.4972910e-01   3.7603154e-01   6.5585018e-01   7.0185716e-01   5.5046241e-01   3.1736970e-01   3.3961212e-01   5.8984639e-01   8.4649868e-01   5.0735061e-01   1.3319805e+01
   7.2646964e-01   9.8375295e-01   5.9189065e-01   8.8978098e-01   2.8977818e-01   8.1885645e-01   9.6253637e-01   9.5377176e-02   5.5363897e-01   5.6329355e-01   1.8251975e+01
   9.0377587e-01   4.1691299e-01   5.1359020e-01   4.5026673e-01   9.2513438e-01   7.1784755e-01   6.2982097e-02   2.9626453e-01   8.4106389e-01   7.4463706e-01   1.8242288e+01
   4.0267369e-01   5.5389298e-01   8.0551368e-01   9.6521482e-01   6.0084865e-01   6.4361517e-01   4.6282191e-01   3.0937068e-01   4.8596057e-02   9.3500457e-01   2.1927725e+01
   3.8739030e-01   9.1990064e-01   6.9907070e-01   2.2391023e-01   8.8859012e-01   9.0915576e-02   4.3190567e-01   6.1727129e-01   3.7908883e-01   7.6491875e-01   1.7858693e+01
   2.8194636e-01   4.9898140e-01   3.3643940e-01   3.2071197e-01   5.7735769e-01   3.7187502e-01   8.1160425e-01   5.6322292e-01   2.7147860e-01   6.0259507e-01   1.0675816e+01
   3.5239441e-01   1.2642522e-01   9.6224415e-01   1.6470470e-01   2.6887417e-01   6.1501490e-01   2.4200796e-01   4.4190052e-01   6.8155254e-01   9.9812163e-01   9.4881983e+00
   8.2479161e-01   2.4211864e-02   4.2657077e-01   1.2032146e-01   8.6242663e-01   9.6877413e-01   2.4250343e-01   7.1454053e-01   1.4531239e-01   7.6143818e-01   4.9557010e+00
   7.0741130e-01   2.5791265e-01   1.9439562e-01   6.6421374e-01   5.6512008e-02   2.6379439e-01   1.8939148e-01   9.9228719e-01   7.1542021e-01   1.0762890e-01   1.2921741e+01
   8.0927186e-01   5.3782180e-01   9.3584316e-02   8.6594856e-01   4.3121146e-01   2.6855963e-01   5.9995644e-01   9.2630345e-01   5.2315021e-01   4.2964075e-01   2.4444804e+01
   8.5684088e-01   5.9227739e-01   5.2139597e-01   2.7864532e-01   5.5565706e-01   1.2021466e-01   6.3422853e-01   9.2890450e-01   8.4449325e-01   9.5174776e-01   1.4695993e+01
   6.3229767e-01   3.7520836e-01   4.8314053e-01   2.9733408e-01   5.8909523e-01   1.0342750e-01   4.9460003e-01   2.7618419e-02   2.1358202e-01   1.1115343e-01   1.4214474e+01
   9.3736832e-01   7.2072867e-01   7.1156304e-01   8.9162603e-01   9.6482169e-01   1.6219198e-01   5.0969703e-01   9.7134138e-01   3.0315679e-01   8.0371729e-01   2.3548593e+01
   9.8958798e-01   8.1356354e-01   2.6632930e-01   8.6770230e-01   7.0605464e-02   5.9132759e-01   4.0310432e-01   5.1613423e-01   4.9359780e-01   2.5316795e-01   1.5368365e+01
   4.1225321e-02   8.0192092e-01   4.5790356e-01   4.4383942e-01   3.1410347e-01   2.5630630e-01   4.2250670e-01   2.8440728e-01   3.1690049e-01   9.2467104e-01   7.2655104e+00
   6.1038846e-01   5.3107677e-01   4.2084905e-01   4.2725431e-01   8.4538971e-01   8.0289220e-01   4.9840983e-01   1.7990364e-01   2.4039059e-01   3.4517532e-01   1.6883322e+01
   4.7841587e-02   2.5649046e-01   7.2567751e-02   3.7369312e-01   5.4649020e-01   2.4495177e-01   2.1426779e-01   5.2250104e-01   1.1416204e-01   2.2172586e-01   1.0500425e+01
   1.6607574e-02   9.8915299e-01   9.5552442e-01   2.4518099e-01   2.4226723e-01   1.9551955e-01   6.4082189e-01   3.8731719e-01   9.8842087e-02   6.2309694e-01   7.1459860e+00
   2.7656009e-01   1.3338495e-01   4.5631033e-01   3.9309985e-01   5.1630656e-01   8.6008626e-01   1.0599330e-01   4.4679879e-01   1.4665890e-01   9.2312019e-01   7.1700939e+00
   5.1526217e-01   9.5767289e-01   5.7018608e-01   1.1400867e-01   8.9045173e-01   2.5527270e-01   1.4268678e-01   2.7741327e-01   4.1804626e-01   9.5054359e-01   1.5209607e+01
   2.8128002e-01   9.9582982e-01   8.3865657e-01   7.0940561e-02   7.1170171e-01   3.3105390e-01   3.6191263e-01   2.3289742e-01   3.3667243e-01   9.6740728e-01   1.5160348e+01
   3.9479444e-01   2.4303943e-01   1.7179210e-01   1.0674638e-02   3.9184796e-01   4.1262495e-01   7.2452657e-01   1.6432570e-01   5.7604954e-01   6.4328935e-02   7.2386201e+00
   6.7977557e-01   3.1260862e-01   9.5166097e-01   1.0223102e-01   3.2066211e-01   8.0904330e-01   2.0661871e-01   2.8264903e-01   1.5363516e-03   3.8313774e-01   1.1663495e+01
   2.2427991e-01   2.1787377e-01   8.4883697e-01   8.4143608e-01   8.4181063e-01   4.0388428e-01   7.4058478e-01   3.6516594e-01   3.4651293e-01   1.0084834e-03   1.6188814e+01
   3.5756436e-01   8.3967902e-01   1.0625205e-01   5.7244280e-01   1.5793895e-01   7.5345721e-01   1.3328148e-01   4.1251607e-02   7.7346700e-02   5.8899721e-01   1.7422132e+01
   4.1993082e-01   1.9832117e-01   4.3500747e-01   1.9012942e-02   2.8686408e-01   9.4100663e-01   4.6003818e-01   5.5246393e-01   6.8715704e-01   4.0441219e-01   4.4215931e+00
   4.5711603e-01   4.0657879e-01   8.6176541e-01   7.8688142e-01   4.6498139e-01   6.6866921e-01   4.8208741e-01   7.9676396e-01   8.8249330e-02   1.3548635e-01   1.7274592e+01
   9.6401618e-02   7.8184212e-01   8.4986707e-01   5.2159912e-01   6.7793175e-01   5.3935407e-01   9.2140050e-02   8.6862844e-01   7.4154934e-01   9.3803855e-01   1.3643810e+01
   2.0723630e-01   4.7691800e-01   7.5471946e-01   5.8653384e-01   8.4202282e-01   1.9500159e-02   1.1649548e-03   4.7464256e-01   7.9483156e-01   4.5499902e-01   1.4996079e+01
   1.6169690e-01   6.1401121e-01   3.6686692e-01   4.9023251e-01   1.2964754e-02   5.3380099e-01   4.6148003e-01   7.5998716e-01   9.7221832e-01   5.0979131e-01   6.8602425e+00
   1.2416381e-01   7.8360553e-01   7.4258494e-01   2.2548942e-01   7.7256868e-01   1.0399396e-01   7.2516733e-01   7.2627684e-01   8.0505766e-01   1.1808206e-01   1.1646628e+01
   4.4123412e-01   4.3795842e-01   2.5764730e-01   9.6668748e-01   9.1556138e-02   6.9029135e-01   1.9035359e-01   7.4831325e-01   6.5841702e-01   6.9826940e-01   1.5366125e+01
   5.1370594e-01   8.4003925e-01   5.2479977e-01   5.7574420e-01   2.3086544e-01   4.0807327e-01   5.8142165e-02   6.1603216e-01   2.3810656e-01   2.4095377e-01   1.9656309e+01
   3.3377663e-01   8.3085280e-01   9.4999165e-01   4.9517298e-01   9.0600370e-01   7.9320393e-01   9.1180953e-01   5.8351018e-01   1.1970259e-01   1.8337063e-01   2.1136954e+01
   7.5936616e-01   5.3831317e-01   3.9981051e-02   8.0068100e-01   7.9357591e-01   3.1659378e-01   8.7829277e-01   1.1810744e-01   2.9075495e-01   8.0021268e-01   2.4541477e+01
   2.0686401e-01   7.0730013e-01   4.1309892e-01   4.8095396e-01   2.0259178e-01   2.7389122e-01   7.7202346e-01   4.8448870e-01   8.1723462e-01   2.1296395e-01   1.1785495e+01
   1.3641757e-01   7.9875532e-01   8.5169515e-01   5.7334857e-01   3.7129054e-01   5.2419472e-01   8.4451533e-01   5.2803038e-01   3.8325976e-02   6.2407077e-01   1.3146066e+01
   4.2261078e-01   8.0731527e-01   7.9664514e-01   5.1583384e-01   7.3429219e-01   3.3016069e-01   5.8526569e-01   3.3761138e-01   3.7163995e-02   6.8271247e-01   1.8753718e+01
   9.8468532e-01   6.3776827e-01   5.1569709e-01   5.7040231e-01   7.0323357e-01   7.0145814e-01   6.2434579e-01   4.9868925e-01   8.6197260e-01   2.9467545e-01   1.9109308e+01
   4.2082134e-01   5.3460131e-02   9.0359715e-01   6.2023494e-01   8.2543322e-01   4.4713229e-01   2.7937937e-01   9.1442582e-03   1.8573189e-01   3.4611031e-01   1.3744592e+01
   6.5903306e-01   7.5779049e-01   5.6267911e-01   2.8614885e-01   9.4915206e-01   5.0177956e-01   8.6704061e-01   2.6166196e-01   8.6463826e-01   7.4910013e-01   1.7093913e+01
   2.9661488e-01   6.7114011e-01   2.2589410e-01   7.0635929e-01   2.6388391e-01   6.3049541e-01   5.6325949e-01   3.3155865e-01   6.7265983e-01   5.6563424e-01   1.7741037e+01
   6.5357400e-01   4.5885510e-01   3.5664277e-01   8.7388965e-01   5.0750927e-01   9.2451843e-01   7.9116540e-04   9.2180453e-01   2.0992667e-01   4.5595968e-01   1.7949108e+01
   1.3356978e-01   2.9149459e-01   2.2800978e-01   7.5785457e-03   7.3561865e-02   2.0674548e-01   7.9657727e-01   7.7120494e-01   4.5245099e-01   4.0675856e-01   2.8115654e+00
   7.8984081e-01   1.8411989e-01   1.9782988e-01   2.2935018e-01   5.1100385e-01   4.1586973e-01   7.4036026e-01   3.8556861e-01   2.1339810e-02   6.1847374e-01   1.0819118e+01
   5.9191916e-01   3.1736658e-01   2.1280712e-01   3.8537209e-02   4.9835740e-01   4.2486820e-01   9.5259668e-01   1.7340867e-01   9.6381981e-01   3.5165685e-02   9.6427745e+00
   6.7193369e-01   6.8704066e-01   6.5964286e-02   9.2909537e-01   2.9440590e-01   6.1726246e-01   7.1434553e-02   9.6670960e-01   3.0457215e-01   3.4377472e-01   2.3765303e+01
   9.0623933e-01   5.7135935e-01   4.0698849e-01   3.3543034e-01   9.6943640e-01   7.8133557e-01   7.4045746e-01   2.3353646e-01   3.2298753e-01   5.5674701e-01   1.8970012e+01
   7.7243906e-01   2.8345356e-01   5.3092944e-02   7.2621088e-01   4.5275192e-01   7.6034100e-01   6.9603707e-01   6.9604557e-01   6.8014339e-01   6.1530430e-01   1.8673037e+01
   7.4811198e-01   8.7704308e-01   8.5083872e-01   2.4528119e-03   8.4670676e-01   9.1655133e-02   1.4905432e-01   7.4551114e-01   5.5977319e-01   6.5698276e-01   1.5361481e+01
   3.2647147e-01   3.5817379e-01   1.3805942e-01   6.4722318e-01   1.8095527e-01   2.3603277e-01   9.3547142e-01   7.5047855e-01   8.1858758e-01   9.4938209e-01   1.2980491e+01
   1.1508323e-01   9.9234843e-01   7.2401018e-01   5.0968841e-01   3.9955324e-01   5.7719798e-01   9.6308150e-01   8.5092077e-02   9.2445054e-01   1.0118952e-01   1.3011351e+01
   7.9090345e-01   5.4696351e-01   8.0989219e-01   6.5363265e-01   5.8143504e-02   9.6665136e-01   8.9306293e-01   4.2974944e-01   1.5377545e-01   4.9724893e-01   1.8479149e+01
   9.9959329e-01   6.5997320e-01   1.0727075e-02   4.1089869e-01   3.2385062e-02   2.2236000e-01   9.5566167e-01   3.6537509e-01   3.3300020e-01   9.9935233e-01   1.7779959e+01
   2.9249851e-01   8.9197777e-01   7.7876693e-01   9.7682563e-01   9.5812396e-01   1.4849517e-01   1.1056886e-01   3.7092709e-01   2.2263743e-01   2.3724629e-01   2.4035422e+01
   6.8210884e-01   1.7581202e-01   5.4110631e-01   8.7952446e-01   1.0467549e-01   7.5328011e-03   7.3906643e-02   7.1757860e-01   7.2174959e-01   8.1197054e-01   1.3219563e+01
   5.8840668e-01   7.4028304e-01   2.5575903e-01   2.2969830e-01   1.7954530e-01   7.0369235e-01   6.6444535e-01   1.9470422e-01   9.6401831e-01   3.2637389e-01   1.3619765e+01
   7.8842556e-01   3.7464511e-01   3.7136423e-01   8.3890973e-01   2.0035287e-01   9.4858028e-01   1.9383355e-01   5.1396626e-01   6.8268844e-01   6.9411296e-01   1.6874355e+01
   2.8484731e-02   9.3651514e-01   7.5662312e-01   2.8136569e-01   3.4041853e-01   6.5960250e-02   2.7526500e-01   6.5296273e-01   2.3174155e-01   3.5007082e-01   6.8586358e+00
   2.9885801e-01   3.7751883e-01   2.0899309e-01   7.7245290e-01   5.0062775e-01   8.2519658e-01   8.5076518e-01   2.8679177e-01   1.0282345e-01   4.2632779e-01   1.3145972e+01
   4.9671454e-01   9.4622356e-01   5.3811463e-01   7.1215503e-01   3.1817649e-01   2.2623902e-01   7.2594206e-01   5.8781101e-01   1.9705384e-01   3.7919603e-01   1.9177803e+01
